 XF =   0.000 - XG =   0.000
 YF =   0.000 - YG =   0.000
 ZF =  -0.034 - ZG =   0.050
 Displacement =  0.1270106E-01
 Waterplane area =  0.2125763E+00
