 XF =   0.000 - XG =   0.000
 YF =   0.000 - YG =   0.000
 ZF =  -0.034 - ZG =   0.051
 Displacement =  0.1270866E-01
 Waterplane area =  0.2127035E+00
